Kasprowy WIerch
19.9791956, 49.2681966
19.9767065, 49.2640800
19.9738741, 49.2617275
19.9735308, 49.2598230
19.9743032, 49.2513359
19.9759340, 49.2456069
19.9772215, 49.2402556
19.9788308, 49.2359825
19.9817061, 49.2322415
{
  "coordinates": [
    [
      [
        19.9791956,
        49.2681966
      ],
      [
        19.9767065,
        49.26408
      ],
      [
        19.9738741,
        49.2617275
      ],
      [
        19.9735308,
        49.259823
      ],
      [
        19.9743032,
        49.2513359
      ],
      [
        19.975934,
        49.2456069
      ],
      [
        19.9772215,
        49.2402556
      ],
      [
        19.9788308,
        49.2359825
      ],
      [
        19.9817061,
        49.2322415
      ]
    ]
  ],


Dolina Białego
19.9570298, 49.2777447
19.9568582, 49.2764008
19.9572229, 49.2759668
19.9564290, 49.2752529
19.9567294, 49.2741749
19.9567080, 49.2741469
19.9562144, 49.2734469
19.9557209, 49.2718299
19.9555224, 49.2709933
19.9550557, 49.2694322
19.9534947, 49.2679516
19.9532640, 49.2667649
19.9535429, 49.2654277
19.9545944, 49.2641010

Dol Strążyska
19.9386191, 49.2787246
19.9352717, 49.2760228
19.9330831, 49.2730689
19.9320102, 49.2695127
19.9307871, 49.2665444
19.9298429, 49.2626377
19.9299932, 49.2617275
19.9304867, 49.2592208

dol malej laki

19.9047804, 49.2766878
19.9040079, 49.2756799
19.9018836, 49.2746509
19.9010575, 49.2736359
19.9004674, 49.2715358
19.9007463, 49.2708918
19.9005532, 49.2703878
19.9008214, 49.2694637
19.9010468, 49.2680916
19.9010253, 49.2666564
19.9008000, 49.2648991
19.9011970, 49.2638139
19.9022484, 49.2631978
19.9027848, 49.2626657
19.9030530, 49.2614054
19.9038148, 49.2607682
19.9056280, 49.2588567
19.9066043, 49.2582125
19.9078810, 49.2569451
19.9097264, 49.2555376
19.9127197, 49.2543681
19.9143291, 49.2538499
19.9170971, 49.2523443
19.9188995, 49.2508596
19.9209595, 49.2494870
19.9229550, 49.2487586
19.9240923, 49.2473719
19.9251652, 49.2468256
19.9260020, 49.2471618
19.9282980, 49.2467696
19.9306583, 49.2459011
19.9322248, 49.2451027
19.9325681, 49.2434357
19.9341559, 49.2416005
19.9335551, 49.2380561
19.9322677, 49.2364449

Dolina Lejowa
19.8500365, 49.2777937
19.8493069, 49.2764743
19.8484969, 49.2757009
19.8477674, 49.2749029
19.8471022, 49.2738809
19.8443556, 49.2718089
19.8422313, 49.2696667
19.8426390, 49.2680986
19.8431969, 49.2663344
19.8444414, 49.2634078
19.8459220, 49.2626237
19.8479390, 49.2612093
19.8499346, 49.2602711
19.8525095, 49.2587587
19.8549557, 49.2567140
19.8536682, 49.2555936
19.8509645, 49.2546132

Kalatówki
19.9793243, 49.2691767
19.9747324, 49.2644440
19.9674368, 49.2585346

Dol Gorczykowa
19.9783587, 49.2666704
19.9769211, 49.2653332
19.9760520, 49.2639820
19.9752903, 49.2626797
19.9740136, 49.2619375
19.9736917, 49.2613424
19.9734986, 49.2601731
19.9716532, 49.2582055
19.9713099, 49.2572392
19.9699259, 49.2556706
19.9687028, 49.2545992
19.9680912, 49.2538919
19.9692392, 49.2529326
19.9703550, 49.2520992
19.9713743, 49.2493749
19.9702263, 49.2467206
19.9686491, 49.2460132
19.9682093, 49.2456980